Protein_Gene	sample_1	sample_2	sample_3	sample_4	sample_5	sample_6
protein_1	84936000	25415000	17228000	20618000	10659000	11718000
protein_2	14061000000	13198000000	12154000000	6786200000	8886600000	6996300000
protein_3	6108400	658110	8289700	1190400	42510000	946240
protein_4	0	0	0	17913000	13108000	12714000
protein_5	917220	4495000	555130	125290000	73548000	112030000
protein_6	0	3439900	3796100	7710300	18011000	9443000
protein_7	97264000	18617000	570590000	187150000	3799000000	194720000
protein_8	1394900000	901580000	602550000	632300000	683600000	786330000
protein_9	5416900	414390	4282300	1048100	11550000	1062500
protein_10	37404000	11775000	519550000	67113000	4885100000	154460000
protein_11	3558400	532770	42070000	2747200	430020000	458010
protein_12	19717000	4647300	33368000	61778000	90620000	27290000
protein_13	16772000	0	0	0	61183000	157200000
protein_14	34139000	5845000	665720000	61530000	3530800000	87834000
protein_15	47299000	4012600	0	42900000	11444000	24166000
protein_16	0	0	2971500	7480200	69937000	10335000
protein_17	36453000	18050000	20339000	29257000	16165000	14525000
protein_18	11975000	2753700	3777200	6016000	11661000	14120000
protein_19	149500000	61273000	51158000	28668000	49081000	39955000
protein_20	15085000	168080	8158500	0	119580000	17911000
protein_21	0	0	952430	21144000	15956000	95130000
protein_22	29648000	15573000	9801700	11077000	8742500	5722000
protein_23	39415000	7051400	6983900	5095300	15145000	8550900
protein_24	2036200	1852600	6695100	8803600	3356300	18489000
protein_25	35390000	25957000	27754000	46273000	36411000	99152000
protein_26	158130000	36897000	95363000	251200000	179480000	458480000
protein_27	43592000	24190000	18723000	25860000	54590000	56586000
protein_28	58781000	14003000	42985000	68267000	49751000	155970000
protein_29	132110000	22639000	86475000	167850000	121290000	348140000
protein_30	13561000	3719000	8226100	5200400	9037700	7308100
protein_31	0	0	75196	8544900	20384000	36844000
protein_32	261100000	60263000	168920000	410160000	330950000	969060000
protein_33	8507000	11413000	42094000	27538000	45321000	23458000
protein_34	105010000	32891000	106720000	72579000	61829000	195500000
protein_35	6733500	1040200	5790200	13809000	6075900	38521000
protein_36	69568000	18014000	59721000	151920000	148830000	379840000
protein_37	220820000	57024000	49168000	72064000	123330000	172910000
protein_38	2937000	503460	3716000	11041000	7770300	24326000
protein_39	3649700	255000	1221000	25674000	17441000	39259000
protein_40	25329000	4375100	8322400	27203000	42145000	32775000
protein_41	23750000	8880000	28142000	148530000	91501000	236180000
protein_42	1489500000	255160000	542080000	4666000000	3536000000	7321200000
protein_43	10381000	4141100	53383000	42974000	50282000	155740000
protein_44	8973500	3249700	4592300	1240200	5933300	4395000
protein_45	128460000	23602000	68953000	7566300	2387700	10102000
protein_46	135740000	30314000	79287000	4481200	74725000	150740000
protein_47	208910000	71004000	147080000	11393000	14687000	14607000
protein_48	81894000	24726000	49003000	123820000	159810000	179050000
protein_49	44513000	22493000	16417000	30780000	28290000	72287000
protein_50	3340800	474010	4293100	52356000	24309000	106020000
protein_51	25902000	10862000	29366000	426290000	375870000	934770000
protein_52	266700	0	1610200	11632000	5525800	15381000
protein_53	3794600	351640	393750	7871500	6095900	11681000
protein_54	9570300	1027400	1761700	10561000	6957200	16000000
protein_55	111370000	17274000	69624000	6761500	955390	376690
protein_56	38429000	8401200	29788000	63265000	27369000	90374000
protein_57	4530300000	1292300000	1073000000	2762600000	2997900000	2951600000
protein_58	91240000	15966000	62254000	114380000	57413000	207650000
protein_59	199550000	23326000	46626000	161920000	137720000	150730000
protein_60	1765300000	343490000	701270000	498270000	418700000	803490000
protein_61	145180000	35947000	52675000	109190000	75600000	125050000
protein_62	5999700	3320200	2128300	12790000	17582000	16045000
protein_63	43399000	6208400	5974500	5555800	14836000	5028900
protein_64	334820000	67943000	164770000	130880000	176420000	204660000
protein_65	27499000	8052100	0	80311000	50281000	110970000
protein_66	1221000000	1112000000	1030000000	2369900	1549300	1821600
protein_67	33239000	7611000	23279000	109140000	81392000	258450000
protein_68	30702000	11214000	11644000	9635800	17556000	15105000
protein_69	143360000	23338000	84515000	146710000	150740000	380070000
protein_70	78426000	17602000	17121000	70495000	157930000	95566000
protein_71	128730000	58949000	59127000	82842000	93397000	102710000
protein_72	31295000	5586300	17292000	50634000	26129000	111220000
protein_73	13960000	2184600	5220000	37985000	44584000	51215000
protein_74	166770000	35701000	83598000	82486000	66543000	179830000
protein_75	0	551370	730360	6810900	12209000	11066000
protein_76	13298000	4355000	8313600	64313000	51679000	120840000
protein_77	6169200	2061000	3855700	14929000	9264500	33209000
protein_78	6112100	1401800	5479600	8887600	6155400	16619000
protein_79	2068100	0	189370	28550000	19321000	22635000
protein_80	138150000	37219000	45031000	72536000	62985000	77603000
protein_81	5076300	0	0	8406900	9868000	24972000
protein_82	7746900	443070	33072000	8780300	7904800	13591000
protein_83	13621000000	3392400000	8368700000	2159500000	1498500000	3575000000
protein_84	137130000	18354000	36862000	6428500	344680	0
protein_85	67732000	9509400	13236000	1509800	5005300	1400000
protein_86	773300000	153870000	492940000	128140000	75538000	232740000
protein_87	1374500000	313080000	906400000	652570000	473590000	1555400000
protein_88	3792000	224950	8519900	5466900	4021400	30517000
protein_89	11448000	1302800	3295800	6453300	3473700	8789900
protein_90	156310000	35215000	104420000	170320000	89028000	312170000
protein_91	48142000	17805000	36977000	46352000	25035000	100540000
protein_92	31581000	12981000	22132000	61413000	8787100	85941000
protein_93	57125000	17554000	45605000	58557000	39236000	158850000
protein_94	307760000	33872000	58767000	33292000	41306000	35744000
protein_95	2528400	1434200	7118500	6086800	5085100	11051000
protein_96	4828900	488240	3120200	12445000	7670800	17047000
protein_97	20449000	4401400	5862900	2365400	2745500	4064400
protein_98	36837000	10613000	31590000	14242000	14241000	38432000
protein_99	111770000	39030000	28688000	75321000	130070000	103700000
protein_100	8304400	2958100	557690	19724000	19481000	54179000
protein_101	476150	0	253580	1819400	105950000	2618900
protein_102	57425000	24139000	26732000	74832000	77972000	81291000
protein_103	317070000	110660000	539040000	1356700000	379460000	2123700000
protein_104	10785000	2072900	5582800	5129500	3399100	14319000
protein_105	23700000	17131000	20418000	16306000	18498000	24203000
protein_106	9040900	866030	1247700	4981300	5646000	11126000
protein_107	29087000	12351000	24494000	290390000	204550000	541880000
protein_108	32880000	21367000	17896000	55208000	38604000	55821000
protein_109	123940000	20950000	54885000	348310000	505750000	668800000
protein_110	62674000	11460000	36753000	59012000	38663000	111890000
protein_111	12076000	9808200	2773100	2898700	7116800	2925600
protein_112	18130000	2483000	12295000	4969000	1965100	8858600
protein_113	29215000	5330800	2860800	3456300	3532600	5150300
protein_114	4145300	1798700	4740500	13246000	8236200	22788000
protein_115	28979000	6779800	20253000	45011000	26425000	90639000
protein_116	800290	115870	1197900	30646000	8089900	84522000
protein_117	2626600	1250300	3691700	11993000	3742400	11594000
protein_118	3160500	3961700	6467700	6863500	2851300	53253000
protein_119	74447000	24758000	55691000	124530000	84695000	212310000
protein_120	970730000	278200000	631610000	410940000	714980000	652450000
protein_121	36148000	9564700	23392000	21722000	16072000	108630000
protein_122	135660000	17829000	83312000	107610000	81638000	185660000
protein_123	252120	476200	453340	25090000	13444000	77585000
protein_124	1217000000	168760000	603190000	2729500000	2063000000	5592900000
protein_125	135780000	67832000	48379000	52342000	84334000	42500000
protein_126	254030000	33380000	74182000	195320000	248990000	222510000
protein_127	986440000	247780000	650950000	218290000	139780000	377330000
protein_128	12075000000	4404700000	3683200000	2341100000	2227100000	2255200000
protein_129	79149000	21873000	31835000	50742000	31976000	43136000
protein_130	3496700	898400	4864000	12149000	6442200	23801000
protein_131	115020000	27780000	62226000	75445000	140910000	192040000
protein_132	8896400	1279500	2384700	3625900	6229000	7299200
protein_133	411900000	144350000	162070000	418970000	514580000	607100000
protein_134	168210000	30767000	132700000	219570000	144540000	409000000
protein_135	1373400000	391010000	782020000	1244200000	863190000	2550700000
protein_136	412320000	136060000	249290000	422350000	332390000	869940000
protein_137	53661000	11277000	37341000	22700000	15984000	29349000
protein_138	41218000	13317000	14316000	58043000	47569000	127440000
protein_139	3532500	1885900	1652300	11685000	5281100	21322000
protein_140	0	0	107120	16841000	5459400	12799000
protein_141	58545000	9958900	23629000	203510000	214570000	316710000
protein_142	2099700	3259200	3486300	4536600	5590500	8825200
protein_143	562630	1506500	551340	64277000	91009000	58712000
protein_144	18842000	4469900	14899000	4105300	3556000	13211000
protein_145	27922000	6947800	10244000	13283000	26164000	30629000
protein_146	13168000	2910700	8424700	5184100	3695800	9074000
protein_147	2861600	5055400	0	6917300	9591300	8656300
protein_148	103490000	10240000	36530000	302230000	266030000	314930000
protein_149	55449000	18434000	40236000	121670000	58370000	202590000
protein_150	517340	0	324630	83458000	653940	3593200
protein_151	898060	1152400	518120	2254200	875890	10131000
protein_152	28028000	8392700	22501000	10561000	9584300	25766000
protein_153	40703000	33983000	32641000	26588000	36253000	53720000
protein_154	6654600	4454900	20777000	10828000	4182000	23517000
protein_155	91288000	34543000	90504000	25129000	58768000	142340000
protein_156	16431000	4343300	8798300	15524000	16118000	19060000
protein_157	35881000	11414000	7859800	12321000	28878000	45666000
protein_158	237770000	62357000	136240000	277340000	223360000	520540000
protein_159	14001000	5659200	9884500	9732000	9499500	20738000
protein_160	856760	5616700	4654000	17640000	7463000	32572000
protein_161	40917000	9552000	23934000	48855000	29147000	109620000
protein_162	186310000	66339000	89690000	127760000	152490000	219610000
protein_163	21546000	4045400	21328000	22961000	12177000	45767000
protein_164	222630000	63939000	147030000	220380000	129330000	288080000
protein_165	499540000	122270000	427300000	596420000	370840000	1616400000
protein_166	10191000	2220900	9859100	24877000	9696600	28179000
protein_167	8363700	1387100	5530100	5275200	37158000	13412000
protein_168	9012500	2692900	7492800	6146600	2504400	14004000
protein_169	9400000	4098500	6215600	2133000	10081000	117050000
protein_170	273230000	66813000	114960000	136820000	201540000	302360000
protein_171	94929000	20265000	42088000	51796000	60320000	106010000
protein_172	201230000	54658000	166990000	204910000	129840000	429300000
protein_173	28040000	4918700	13784000	16599000	13184000	25168000
protein_174	1932500000	395420000	562170000	1267000000	1397200000	1981400000
protein_175	30962000	3739800	13214000	41730000	21237000	54415000
protein_176	332200000	100120000	170280000	321120000	240650000	531500000
protein_177	349940000	66143000	165160000	251960000	278730000	391150000
protein_178	17039000	3161200	20072000	20474000	21621000	68231000
protein_179	45672000	1393300	28500000	40684000	4613600	61473000
protein_180	44670000	15207000	11933000	19537000	7570300	13361000
protein_181	394060000	102270000	286230000	203210000	182670000	425050000
protein_182	252160000	44906000	148920000	153200000	174660000	325010000
protein_183	18049000	4997700	8350500	24592000	25587000	46958000
protein_184	129150000	34443000	73697000	97443000	94529000	200190000
protein_185	27044000	6626500	13274000	44566000	26034000	81156000
protein_186	5428300	1292500	4024000	10261000	13454000	31893000
protein_187	134950000	38301000	97370000	123120000	92077000	257620000
protein_188	296670000	67161000	192530000	210360000	116940000	403760000
protein_189	591680000	187560000	438610000	550510000	386410000	1245100000
protein_190	354280000	81485000	281540000	342220000	258450000	742030000
protein_191	688250000	297020000	258870000	259770000	474400000	486110000
protein_192	11316000	1289700	7044300	6715200	3263300	10347000
protein_193	631160000	163830000	466450000	645280000	400420000	1426200000
protein_194	313190000	69791000	217410000	153950000	192760000	592250000
protein_195	276280000	63607000	151750000	172740000	132920000	324830000
protein_196	1812900000	536060000	1177900000	2072600000	1417300000	3479500000
protein_197	15595000000	4583000000	6939300000	14253000000	11101000000	22582000000
protein_198	10530000	908220	2536100	8639600	5649800	17758000
protein_199	168190000	43095000	103870000	176660000	146620000	359970000
protein_200	1968100000	258740000	455940000	479560000	728610000	628470000
protein_201	19733000	2780100	11483000	54150000	43013000	51908000
protein_202	590220000	141190000	323260000	398040000	248350000	697970000
protein_203	41941000	16261000	17096000	27987000	27974000	19985000
protein_204	27234000	1275000	5156500	12570000	16289000	17697000
protein_205	362280000	23294000	129240000	59575000	63656000	70499000
protein_206	291630000	46644000	56837000	6933200	14171000	15417000
protein_207	427110	0	192310	1499400	20517000	105620000
protein_208	106970000	41741000	89475000	180970000	115190000	293670000
protein_209	67027000	21279000	49082000	122870000	71178000	255280000
protein_210	1431600	703190	2446200	1903000	1016800	27292000
protein_211	28863000	5361000	21816000	33989000	23411000	82901000
protein_212	33888000	14881000	29715000	25737000	22528000	63512000
protein_213	30393000	7509800	4013600	11387000	10156000	8747000
protein_214	14836000	3266300	4816900	7672900	3514000	10748000
protein_215	62613000	5704900	30603000	6218700	5461700	26540000
protein_216	218990000	97578000	65561000	85462000	122000000	102870000
protein_217	63386000	14682000	23888000	34887000	31297000	94495000
protein_218	4210500	2512800	2707700	7858200	13860000	13104000
protein_219	166220000	39053000	90397000	107300000	79980000	192180000
protein_220	81229000	27000000	102210000	27128000	34525000	64811000
protein_221	825080000	161350000	287700000	455980000	427140000	619360000
protein_222	24843000	5395100	10660000	10911000	13254000	22744000
protein_223	6704100	1550100	4762600	7689700	40753000	18980000
protein_224	6908200	1399500	4305500	9689800	6970500	15579000
protein_225	74719000	18947000	35389000	46172000	64228000	75365000
protein_226	10867000	1271700	8034800	4212800	4320600	6831100
protein_227	8348100	3997000	6828600	14092000	8295700	20560000
protein_228	6274500	2347700	5419100	11517000	11355000	36595000
protein_229	420420000	111090000	370240000	429300000	228850000	839220000
protein_230	243350000	40843000	107250000	140120000	133980000	258690000
protein_231	17127000	10699000	17733000	19228000	19750000	60936000
protein_232	45313000	15801000	57640000	227050000	123900000	347780000
protein_233	14604000	4623000	10625000	3883800	5110500	13112000
protein_234	233590000	68383000	154650000	212390000	235940000	451990000
protein_235	5812100	1123200	5876000	10254000	1609400	20031000
protein_236	74711000	21449000	33401000	114040000	190010000	196260000
protein_237	5537100	535030	1348800	8562100	11153000	27854000
protein_238	1942100	0	895430	1220900	1984900	40452000
protein_239	1049700000	276680000	589710000	643660000	580740000	1530300000
protein_240	19512000	4993400	10935000	10397000	6391800	15509000
protein_241	8670600	2099100	15833000	10850000	3754400	32064000
protein_242	25636000	5645000	14695000	24276000	8205700	43641000
protein_243	3867500	1528400	2451000	3777700	14369000	3768500
protein_244	8930700	1442100	4892400	16579000	16938000	36864000
protein_245	23939000	8709200	27450000	61879000	33560000	132790000
protein_246	49150000	7905500	28789000	33425000	29388000	81053000
protein_247	31654000	12569000	15993000	43167000	51904000	83703000
protein_248	17167000	5573600	7886100	13344000	14249000	20124000
protein_249	28049000	4628100	13652000	9564600	10363000	21118000
protein_250	71421000	21865000	52925000	42241000	29749000	110130000
protein_251	114640000	57416000	101830000	122440000	141250000	325110000
protein_252	9989000	284960	7524300	1621100	993200	3223600
protein_253	104090000	45209000	24754000	70850000	80118000	98288000
protein_254	28855000	13660000	17764000	10399000	17528000	18112000
protein_255	47916000	17583000	55687000	20232000	35827000	90184000
protein_256	177440000	75557000	104650000	136360000	176010000	1322300000
protein_257	14418000	2914200	16972000	6171300	6223200	27445000
protein_258	21694000	6409300	12097000	19073000	21507000	23284000
protein_259	91578000	30937000	69429000	86021000	54613000	184920000
protein_260	36431000	49360000	28481000	41137000	11108000	46116000
protein_261	3530600	1403800	4131100	12228000	7456600	24566000
protein_262	144890000	22711000	65816000	69383000	89808000	133730000
protein_263	22060000	3334200	9400100	41311000	32016000	79930000
protein_264	10286000	0	3849600	10952000	0	22712000
protein_265	0	0	0	10801000	8244900	19461000
protein_266	210710000	38083000	60297000	517550000	734190000	885100000
protein_267	14319000	2697500	3323800	4105900	6718700	5010200
protein_268	3578400	18991000	2500100	8692500	1086900	106080000
protein_269	211510000	59569000	102520000	94670000	45731000	117650000
protein_270	44713000	36056000	61804000	58510000	35879000	131150000
protein_271	60073000	7663100	18650000	78588000	74094000	100440000
protein_272	13829000	2310800	8037200	6085000	7670600	14595000
protein_273	6208600	1808400	5915200	7565600	2682300	14071000
protein_274	31431000	1604300	2171600	6308300	10589000	3887900
protein_275	106090000	32940000	100740000	212100000	112360000	334980000
protein_276	322920000	68554000	113080000	182340000	210380000	239750000
protein_277	538800000	100570000	159050000	70288000	98463000	113250000
protein_278	31350000	11622000	28085000	25785000	33057000	72735000
protein_279	37815000	4396800	10197000	37538000	53171000	66349000
protein_280	23378000	2298800	12766000	14431000	11553000	32419000
protein_281	18730000	5124500	17421000	23591000	30731000	64094000
protein_282	8592300	954060	4907500	41765000	25926000	97285000
protein_283	16338000	1124700	12662000	11377000	7008800	23955000
protein_284	301180000	84232000	192790000	199580000	163040000	323100000
protein_285	322890000	85469000	245340000	246520000	194770000	571070000
protein_286	6327100	1304200	3844600	7766900	2669200	28609000
protein_287	34747000	6574800	20373000	76124000	37020000	130520000
protein_288	432840000	7896600	386160000	87994000	43880000	184610000
protein_289	38951000	6896400	27797000	33880000	21233000	71346000
protein_290	422710000	116370000	314030000	254590000	154830000	553350000
protein_291	8855700000	7152600	7244500000	4685500000	7100900000	5925100000
protein_292	9610100	1563500	8418100	11192000	8325500	22535000
protein_293	688650000	159630000	123020000	218840000	268810000	220760000
protein_294	18758000	3647400	19074000	64098000	45916000	103050000
protein_295	2138100000	575470000	1778500000	1696900000	1042300000	3777000000
protein_296	1131600000	272030000	663450000	874140000	618100000	1408400000
protein_297	1319900000	280750000	538950000	371070000	491340000	516840000
protein_298	306410000	79462000	206840000	198560000	171960000	411850000
protein_299	2903900000	962070000	1899400000	3336600000	3032100000	6427800000
protein_300	8349700	0	0	11470000	8772700	12477000
protein_301	49777000	24606000	21651000	31301000	23413000	25787000
protein_302	20825000	3112500	14552000	18679000	6652500	47203000
protein_303	5679900	4213100	8211600	6940300	3493600	14559000
protein_304	155660000	20386000	53087000	122070000	153490000	245140000
protein_305	37606000	23831000	64830000	919960000	834340000	1375800000
protein_306	1146000	2825700	5574400	97400000	60181000	158770000
protein_307	47175000	23830000	43091000	2285800	646520	9956300
protein_308	31808000	25473000	23026000	49487000	31894000	54187000
protein_309	110310000	40960000	48301000	45305000	74394000	79384000
protein_310	7866800	6482100	7548500	5317700	2693800	15017000
protein_311	358790000	294330000	125280000	340320000	329430000	227540000
protein_312	174750000	37837000	72877000	73429000	78880000	111460000
protein_313	96414000	49431000	132270000	306110000	377900000	640150000
protein_314	62366000	8877600	23909000	34998000	34137000	52644000
protein_315	6052600	1537100	8061800	28272000	16884000	59082000
protein_316	42641000	12199000	47830000	95263000	70333000	205910000
protein_317	2333700	910220	5792100	23026000	13351000	47312000
protein_318	6892900	1325900	8345500	47070000	27713000	87400000
protein_319	20187000000	6370000000	7652100000	13353000000	22391000000	20032000000
protein_320	258050000	66903000	135120000	122100000	112950000	170290000
protein_321	305270000	68554000	191140000	153430000	129020000	331470000
protein_322	90437000	24380000	58472000	45999000	32606000	87791000
protein_323	32259000	8061300	7838900	6208500	7395400	6760000
protein_324	239360000	73851000	150240000	87170000	51149000	173260000
protein_325	24630000	34763000	27133000	26293000	13815000	37098000
protein_326	42189000	1316300	5825400	13156000	18688000	8621000
protein_327	87786000	10341000	38354000	89890000	84236000	133940000
protein_328	26125000	5110100	11077000	13866000	17351000	45906000
protein_329	113040000	24873000	98326000	68489000	65629000	151760000
protein_330	103650000	64400000	39332000	653270000	449010000	473340000
protein_331	242530000	51578000	61315000	303940000	310880000	414710000
protein_332	19746000	14863000	8617200	9688500	22592000	7052500
protein_333	19894000	4460200	15768000	36114000	30526000	66147000
protein_334	210980000	81295000	223780000	337820000	195630000	704360000
protein_335	24843000	6252700	18980000	29270000	20388000	72817000
protein_336	35341000	8210300	28078000	37992000	17459000	67214000
protein_337	0	3465400	7796400	5081500	4772100	13852000
protein_338	16482000	3397700	9143200	21678000	15304000	36367000
protein_339	339520000	162050000	130190000	208330000	207960000	233400000
protein_340	207030000	32332000	83026000	62154000	34724000	103770000
protein_341	199380000	35707000	111620000	260810000	334260000	688760000
protein_342	277200000	60499000	145420000	243450000	201700000	471760000
protein_343	248250000	86805000	199810000	8509200	2782400	8291600
protein_344	2019400000	234820000	407750000	420780000	575250000	560810000
protein_345	350210000	51127000	118460000	288470000	336230000	417890000
protein_346	5240700	6256000	3538600	12222000	37095000	25802000
protein_347	10178000	1285000	11081000	8148600	22958000	26499000
protein_348	454210000	76452000	248420000	314120000	347790000	645110000
protein_349	73209000	14509000	55456000	74713000	46803000	196010000
protein_350	21542000	3620300	7616000	20092000	20995000	34057000
protein_351	67201000	15028000	106460000	133000000	82824000	325650000
protein_352	13899000	4168800	471100	25128000	14472000	46574000
protein_353	38588000	12712000	28466000	30386000	21688000	59122000
protein_354	158560000	42211000	107470000	102380000	72884000	203330000
protein_355	2622900	323620	1283800	13242000	18019000	22420000
protein_356	24388000	1279800	12192000	139510000	215200000	266940000
protein_357	78385000	25657000	61802000	71783000	39856000	146020000
protein_358	24233000	9726300	15762000	15359000	20649000	34704000
protein_359	306040000	82030000	196670000	224900000	146030000	404460000
protein_360	8159500	1688200	6623200	9506300	18074000	15003000
protein_361	2785400	2003000	7111700	6531200	995150	9043900
protein_362	94243000	25879000	60621000	79477000	66323000	211450000
protein_363	9693800	925670	9142300	25965000	11011000	37827000
protein_364	300860000	119950000	201280000	476070000	469900000	660270000
protein_365	16825000	3855200	12316000	33681000	23359000	49508000
protein_366	24711000	4958700	18914000	44273000	20084000	89616000
protein_367	36170000	4568700	20447000	64754000	42081000	70983000
protein_368	117640000	26614000	65783000	56673000	36417000	69586000
protein_369	12441000	8794200	22360000	21034000	13557000	49449000
protein_370	10462000	4124700	6820000	1924500	2526600	4941600
protein_371	12459000	1673500	12934000	4704500	2408900	8977400
protein_372	398140000	98407000	237080000	304690000	222370000	591280000
protein_373	0	0	0	2394500	0	62777000
protein_374	14302000	1914700	4518600	18974000	12384000	32322000
protein_375	5224500000	471580000	1196200000	2096500000	1235400000	3353700000
protein_376	79175000	13176000	40075000	113000000	74352000	152490000
protein_377	29784000	3523100	13019000	53133000	46342000	72725000
protein_378	11066000	1943300	19501000	12290000	7056900	31845000
protein_379	115460000	23380000	50780000	80668000	74401000	175040000
protein_380	723480000	135330000	326140000	621420000	517120000	1427400000
protein_381	211620000	49100000	156620000	268830000	241640000	571390000
protein_382	43069000	6257800	37887000	143550000	86012000	269220000
protein_383	70324000	17272000	54830000	157760000	255010000	518380000
protein_384	57203000	55065000	43328000	156650000	243370000	220710000
protein_385	74002000	25040000	27579000	209880000	186160000	232760000
protein_386	160420000	48068000	147400000	459810000	296440000	867150000
protein_387	54243000	18157000	37606000	136730000	113520000	234690000
protein_388	87655000	22072000	62394000	167790000	100970000	291480000
protein_389	23858000	10376000	20313000	69305000	64093000	74916000
protein_390	127980000	35892000	94115000	188110000	159800000	307070000
protein_391	137220000	38277000	95311000	188570000	166010000	328480000
protein_392	523240000	97165000	103880000	318040000	199190000	212130000
protein_393	8435200	2428200	4996900	12058000	17551000	22827000
protein_394	5118000	1546300	6431600	16304000	6991900	38950000
protein_395	117080000	30212000	81156000	52818000	49815000	134210000
protein_396	225290000	71949000	80701000	215730000	196440000	519180000
protein_397	352840000	103790000	276130000	225950000	188090000	355510000
protein_398	4791500	5559300	3059400	1913000	8399300	16059000
protein_399	163360000	35108000	134750000	172320000	99303000	366760000
protein_400	33936000	33544000	24132000	12341000	41428000	49637000
protein_401	136340000	28447000	53463000	42277000	52915000	110060000
protein_402	82146000	20126000	52751000	125700000	98883000	331030000
protein_403	666200000	275990000	597930000	605930000	448010000	1196700000
protein_404	3142000000	545670000	1554900000	2133900000	2216500000	3857600000
protein_405	1572800000	465800000	1233700000	1684300000	1067300000	3408800000
protein_406	1297600000	328640000	1035300000	1019400000	523330000	1802600000
protein_407	41210000	16041000	15659000	29894000	49275000	39255000
protein_408	12280000	3767000	9840700	8611400	7787900	28959000
protein_409	133070000	46448000	77921000	125540000	90659000	173620000
protein_410	26140000	3901800	12076000	25642000	18391000	56547000
protein_411	50107000	42420000	44868000	113720000	101290000	312920000
protein_412	8499100	3867700	4768200	6616400	15107000	10184000
protein_413	13539000	3117600	5796300	10299000	12956000	15441000
protein_414	328580000	53411000	261220000	266650000	161650000	718680000
protein_415	22935000	5259000	13343000	27338000	22063000	46942000
protein_416	19582000	8335600	11162000	5306100	11969000	10279000
protein_417	21537000	14904000	17329000	24228000	21388000	42879000
protein_418	4758200	1307900	6430000	3255400	3213600	8556800
protein_419	38205000	8630400	21565000	24354000	27688000	57726000
protein_420	67495000	13633000	34419000	50026000	38150000	141690000
protein_421	195070000	1396400	4636900	12952000	2116500	5862100
protein_422	11387000	3817200	8874100	9485500	6336800	26322000
protein_423	1295600000	551300000	416340000	647530000	749850000	920190000
protein_424	70422000	14934000	43713000	182970000	148970000	370920000
protein_425	28096000	4268300	17917000	188420000	177390000	376690000
protein_426	38348000	8722000	18115000	31442000	23884000	61362000
protein_427	46457000	16206000	26046000	18795000	11100000	34611000
protein_428	58414000	37034000	30782000	151600000	98596000	169810000
protein_429	24343000	13176000	25326000	57254000	26436000	70935000
protein_430	29539000	11285000	11776000	30697000	27826000	41612000
protein_431	6623900	2511700	6833900	436280000	206550000	802140000
protein_432	17343000	4010300	1668200	1100100	24255000	14554000
protein_433	432700000	127360000	308320000	101100000	66509000	172870000
protein_434	440580000	87848000	231380000	70084000	43272000	88790000
protein_435	80369000	18188000	27161000	140440000	176750000	191720000
protein_436	84404000	21014000	19252000	116460000	176050000	140350000
protein_437	17491000	4620600	13951000	9946000	2101500	25202000
protein_438	4866600	1229200	4180400	9119800	5499100	20986000
protein_439	28544000	4403000	8130800	26235000	20216000	51799000
protein_440	10684000	3429000	3613200	5257100	3727900	8436200
protein_441	105870000	15238000	39872000	293030000	232200000	457940000
protein_442	17712000	5484400	16405000	41100000	20540000	102900000
protein_443	32681000	2320700	9506100	88625000	99342000	107710000
protein_444	107030000	30798000	100660000	214620000	110090000	365740000
protein_445	522830000	138730000	385730000	477300000	473770000	1174200000
protein_446	7558400	843330	672270	9843200	8509300	8138900
protein_447	278280000	27894000	79051000	132950000	222410000	187770000
protein_448	285220000	44309000	133980000	214150000	191900000	563990000
protein_449	17387000	3585900	7332700	16068000	6387800	22672000
protein_450	60698000	15193000	33241000	91715000	85892000	144980000
protein_451	102220000	35888000	59585000	111560000	84988000	166790000
protein_452	193380000	52048000	104640000	162090000	184090000	300500000
protein_453	51430000	15941000	46627000	66148000	57893000	135370000
protein_454	306720000	54613000	201620000	329080000	198510000	635360000
protein_455	218640000	25935000	42460000	59913000	108370000	100760000
protein_456	14983000	26037000	13438000	24326000	18891000	50885000
protein_457	151090000	5760100	72796000	17996000	445360000	41331000
protein_458	37627000	9671300	19801000	26961000	24427000	39933000
protein_459	1076700000	144300000	82933000	688500000	1004600000	399440000
protein_460	23312000	3010300	20211000	30027000	10029000	58410000
protein_461	1470300	0	1857300	667690000	219450	1673800000
protein_462	41253000	8286000	28358000	58849000	53812000	86153000
protein_463	9301200	1768100	5713000	18571000	5464700	21482000
protein_464	7581600	3486300	9730200	15886000	5652300	24112000
protein_465	22404000	4325500	15940000	26786000	13770000	36000000
protein_466	17505000	22491000	56548000	17337000	16060000	71127000
protein_467	54388000	14140000	36281000	65100000	52387000	95890000
protein_468	129930000	27013000	108730000	214310000	118800000	354300000
protein_469	91622000	18929000	51457000	68362000	58531000	128550000
protein_470	126640000	31282000	66916000	111130000	90597000	167000000
protein_471	414540000	122580000	267480000	337580000	314870000	563030000
protein_472	2594800000	539090000	294390000	1193300000	1104300000	1321500000
protein_473	19989000	2697000	10252000	8685500	12198000	13545000
protein_474	17546000	7561600	34911000	48381000	16118000	129740000
protein_475	44435000	10384000	41279000	34752000	28095000	78667000
protein_476	6607400	2835300	2880500	6158200	17511000	11828000
protein_477	34728000	10463000	34379000	65762000	39495000	128720000
protein_478	219830000	84565000	230030000	205690000	157300000	451350000
protein_479	274250000	86028000	223860000	300790000	276640000	619410000
protein_480	6105900	137450	1155100	11151000	9599200	14902000
protein_481	9927400	8438100	21208000	33735000	46198000	45416000
protein_482	366380000	125330000	289970000	691550000	576860000	1523800000
protein_483	234100000	105460000	235670000	554260000	348020000	1099600000
protein_484	332480	0	736500	16969000	8072600	28410000
protein_485	7206500	4384400	16106000	13756000	9426300	29721000
protein_486	53853000	12460000	32712000	57290000	41270000	82616000
protein_487	84290000	24122000	76242000	123980000	77957000	269670000
protein_488	356940000	95940000	268970000	454740000	349790000	990600000
protein_489	440810000	201490000	461810000	508270000	333580000	922840000
protein_490	980450000	299750000	643460000	529210000	514030000	1161200000
protein_491	101580000	31761000	72754000	98560000	81339000	220660000
protein_492	843240000	155040000	299190000	247670000	675000000	661370000
protein_493	3470200	2107000	7581300	9461800	3536600	14468000
protein_494	9934500	2598400	8219100	19727000	7695300	27403000
protein_495	153920000	37022000	119720000	171690000	126320000	338030000
protein_496	27922000	7296300	13086000	18152000	14042000	21089000
protein_497	147400000	41911000	115730000	207210000	134110000	419930000
protein_498	13266000	4760500	8763000	10091000	11455000	27742000
protein_499	2161800	31283000	2824900	157150000	1739700	350510000
protein_500	325940000	87157000	246420000	513180000	320820000	937870000
protein_501	31456000	12473000	21090000	17987000	24024000	39535000
protein_502	6152000	2493000	11191000	10818000	6971500	30710000
protein_503	3551300	3704900	15674000	38968000	10530000	67021000
protein_504	51328000	50006000	10478000	10646000	30647000	19667000
protein_505	150670000	34087000	127290000	232510000	140180000	526460000
protein_506	230630000	53423000	168500000	239610000	147890000	464530000
protein_507	18239000	3123000	10927000	19394000	10808000	40538000
protein_508	11573000	6917400	8739400	10685000	5044500	15869000
protein_509	11927000	6791700	5358300	5131400	14666000	13393000
protein_510	8908100	167970	5283900	10377000	4432100	19240000
protein_511	13170000	3438800	10845000	9652700	7124300	27473000
protein_512	189940000	39921000	123990000	269160000	250240000	549840000
protein_513	21766000	7649600	23750000	53930000	29915000	115450000
protein_514	74035000	42743000	33203000	45112000	59705000	42589000
protein_515	19451000	6589300	14149000	33410000	19993000	51748000
protein_516	165600000	36050000	143050000	12016000	813240	17200000
protein_517	95314000	34013000	68699000	4227000	1456800	2517300
protein_518	12053000	9015000	3210400	8320500	12459000	9215800
protein_519	6532800	2513200	8272900	11595000	5798100	18412000
protein_520	1604600	2179900	3328600	1804600	2284700	38590000
protein_521	14046000	17961000	7082900	8982700	24206000	16725000
protein_522	2090000	497800	2777000	324440	251390000	331780000
protein_523	12564000	1143600	12086000	15813000	11155000	43051000
protein_524	235430000	80336000	145730000	203960000	171340000	376760000
protein_525	1554500000	301510000	1024600000	740850000	466370000	1740100000
protein_526	70621000	19334000	44922000	44528000	48309000	68667000
protein_527	6577500	382080	4512200	7499000	4279600	4015400
protein_528	483930000	169200000	339960000	388230000	640360000	1013400000
protein_529	30061000	5636800	3763600	15863000	27945000	29921000
protein_530	89941000	97002000	33189000	99569000	107410000	90979000
protein_531	7880700	659580	1378600	6047900	10162000	10841000
protein_532	138100000	34308000	77482000	62438000	46625000	115840000
protein_533	40179000	7179000	26490000	32645000	16094000	62499000
protein_534	145550000	24762000	104620000	50077000	53804000	139870000
protein_535	42783000	12000000	28255000	30646000	27721000	52868000
protein_536	35006000	6680200	15477000	37518000	57508000	56233000
protein_537	1370500	199590	2249400	12767000	3004500	24777000
protein_538	1247600000	305270000	962110000	471340000	468100000	1009600000
protein_539	16880000	45372000	63959000	37110000	16840000	26208000
protein_540	4970500	2174900	5085000	1955500	4524500	4811000
protein_541	13137000	2986900	7403200	25722000	19386000	49294000
protein_542	30059000	10982000	36886000	14365000	8001800	27555000
protein_543	6460400	2860000	6929800	33073000	37908000	64477000
protein_544	50904000	11190000	13122000	15167000	31057000	35724000
protein_545	1122600000	362270000	702440000	582270000	436110000	1059800000
protein_546	42521000	8752300	34996000	72019000	46870000	158220000
protein_547	2882800	96149	2127400	8948700	11478000	19225000
protein_548	10327000	1273300	3883600	42813000	41064000	96076000
protein_549	10296000	3743300	11784000	13727000	10168000	27599000
protein_550	308770000	76190000	166700000	660680000	642210000	1310900000
protein_551	7784900	3827200	6278100	7973000	4886900	22242000
protein_552	47353000	22102000	18831000	90667000	73937000	99126000
protein_553	29160000	7127000	24767000	39940000	25720000	86001000
protein_554	3223600	537290	8268700	18497000	6162200	20124000
protein_555	148370000	91401000	124800000	396090000	196730000	498240000
protein_556	6735900	2082700	6635600	10332000	5571900	21956000
protein_557	19409000	2804500	3941100	9048400	28985000	23183000
protein_558	46907000	13104000	12777000	33792000	38598000	35743000
protein_559	49164000	11170000	19399000	107590000	69867000	187080000
protein_560	58047000	32196000	460220	35336000	77481000	47065000
protein_561	21103000	5988300	19630000	26204000	25363000	82907000
protein_562	96778000	26168000	49995000	48640000	35491000	89393000
protein_563	67060000	15135000	31876000	33685000	24512000	94347000
protein_564	72811000	15698000	42844000	48680000	29806000	110910000
protein_565	39580000	10848000	55981000	59213000	39340000	133050000
protein_566	70293000	17545000	53084000	87539000	56045000	169780000
protein_567	11754000	2144300	9575100	36649000	24728000	83081000
protein_568	11390000	569770	1530900	14501000	9150800	10833000
protein_569	15322000	3773100	9070300	30028000	30989000	54605000
protein_570	17915000	4034700	10152000	20571000	7993700	37547000
protein_571	121540000	100330000	63444000	70983000	89258000	76663000
protein_572	37608000	12620000	21998000	29182000	15510000	29159000
protein_573	111470000	10949000	51550000	59780000	49822000	107250000
protein_574	13371000	3602300	7698000	12169000	14251000	25671000
protein_575	52930000	23021000	22753000	18525000	34998000	34190000
protein_576	144050000	31696000	56761000	134860000	131250000	196690000
protein_577	14920000	6823100	26450000	88672000	59085000	326700000
protein_578	54518000	23403000	43570000	164070000	123050000	398440000
protein_579	45506000	8994300	32546000	58590000	32098000	148870000
protein_580	46478000	7204900	14698000	74239000	67087000	114290000
protein_581	22249000	10802000	11109000	42632000	34801000	41127000
protein_582	593860000	138150000	229490000	265990000	279120000	321390000
protein_583	136000000	46785000	31952000	49894000	48863000	42282000
protein_584	26279000	7690000	10881000	10688000	9611200	18297000
protein_585	46776000	24531000	53686000	62131000	43686000	116150000
protein_586	49075000	15124000	26538000	32846000	21131000	43262000
protein_587	15928000	8477000	6207800	12027000	6421700	58884000
protein_588	39952000	22058000	16140000	26189000	36614000	26636000
protein_589	38408000	29289000	25403000	37780000	67825000	92605000
protein_590	9724200	13992000	9407600	47064000	21827000	49998000
protein_591	379530000	91346000	299940000	118370000	65576000	191610000
protein_592	372540000	118270000	287580000	99401000	60605000	180260000
protein_593	7892000	586380	2768000	19472000	4073900	13480000
protein_594	19236000	9093000	20137000	16028000	7663800	18618000
protein_595	6780700	1055000	1941600	6088600	12701000	8596000
protein_596	25040000	5132400	17878000	46540000	38572000	89673000
protein_597	532410000	151930000	57201000	82691000	177870000	64351000
protein_598	831430000	95895000	238730000	771260000	714130000	999920000
protein_599	300460000	77048000	219470000	475390000	191750000	721300000
protein_600	11875000	1544000	7080100	5707200	5452800	22252000
protein_601	7703000	1565000	5876600	11784000	6376400	19877000
protein_602	30116000	7996100	11073000	24337000	17757000	46832000
protein_603	15736000	4607800	6225200	23154000	19428000	19184000
protein_604	12288000	2196800	7626400	11609000	9857500	24534000
protein_605	269260000	60207000	84125000	201030000	295240000	266550000
protein_606	52548000	7335300	31454000	35777000	33740000	89421000
protein_607	17184000	3198100	5741200	9526700	12719000	12779000
protein_608	1724900000	566050000	884110000	1871900000	1946400000	3199100000
protein_609	23619000	3223700	187640000	15375000	41095000	44727000
protein_610	42410000	15108000	42588000	77798000	53563000	123530000
protein_611	589170000	239060000	505780000	582810000	521390000	1293700000
protein_612	46713000	11917000	25923000	30116000	29752000	72915000
protein_613	82061000	19512000	51272000	48140000	17751000	77275000
protein_614	160400000	60916000	109200000	172000000	209320000	307120000
protein_615	4221600	1698200	6995500	3913200	729210	11495000
protein_616	525730000	169820000	180620000	161760000	60418000	116620000
protein_617	0	0	244430	10287000	5004100	30627000
protein_618	0	0	550460	10502000	1321900	14169000
protein_619	14917000	4225200	13951000	156910000	66778000	260540000
protein_620	7680500	547840	1399600	2092900	8649400	24398000
protein_621	13537000	3999800	6139600	16824000	28235000	18262000
protein_622	0	2964900	676330	11194000	8879300	8467700
protein_623	15327000	1895000	9471200	30221000	21969000	66480000
protein_624	160810000	39735000	175150000	125290000	129920000	259780000
protein_625	23715000	11434000	21929000	34967000	23766000	62377000
protein_626	71203000	0	17833000	4650400	61274000	43108000
protein_627	38865000	24999000	20682000	17363000	44409000	72395000
protein_628	8550100	2583800	4747300	7670200	7038400	18134000
protein_629	73705000	16539000	20922000	41910000	36255000	70303000
protein_630	39385000	4958200	9227100	31107000	24866000	43915000
protein_631	147900000	45834000	105200000	105480000	63391000	207190000
protein_632	24236000	6641000	12363000	8745000	19607000	30925000
protein_633	7007700	1666800	5929000	3826200	3919800	9986200
protein_634	12235000	6588100	4291500	6195600	8143700	6991200
protein_635	1006900000	278030000	488570000	409340000	356870000	802120000
protein_636	54341000	12379000	39828000	37499000	29867000	86697000
protein_637	83471000	42960000	26751000	16926000	18585000	13163000
protein_638	121640000	25054000	77896000	41409000	23642000	175060000
protein_639	64987000	10223000	29681000	31584000	37207000	66624000
protein_640	35666000	4970600	13549000	27782000	11809000	60139000
protein_641	147780000	25303000	81728000	66723000	2932900	28630000
protein_642	23967000	9305200	14139000	25817000	20769000	42389000
protein_643	8390200	2113000	6313800	8228600	6053100	17398000
protein_644	6873600	2531400	3342800	7323400	6251000	6823900
protein_645	57514000	22495000	25856000	30248000	90964000	37700000
protein_646	2786200	297890	119910000	2871000	1009100	4409000
protein_647	45129000	11654000	22019000	27232000	21484000	121040000
protein_648	35873000	8304700	50660000	41660000	27307000	79394000
protein_649	34870000	16326000	34301000	55992000	24342000	76228000
protein_650	21359000	15281000	12130000	19795000	11311000	16678000
protein_651	93104000	28757000	66338000	71679000	47805000	157000000
protein_652	137240000	28679000	92458000	91579000	46289000	153580000
protein_653	28781000	4248800	8020700	48495000	21161000	62848000
protein_654	16499000	6438600	18479000	23456000	13702000	63338000
protein_655	17201000	5981700	16836000	19535000	12556000	52127000
protein_656	136300000	53449000	78779000	138420000	100920000	200930000
protein_657	55895000	13392000	38525000	51242000	30988000	109740000
protein_658	32940000	10696000	26811000	31069000	13732000	57291000
protein_659	49936000	5587400	20960000	15134000	21327000	15955000
protein_660	88503000	13073000	37719000	38032000	31168000	111860000
protein_661	0	1855900	3591300	29572000	23669000	22363000
protein_662	88973000	15573000	37894000	167720000	133550000	213770000
protein_663	1625200000	294570000	209350000	209240000	146120000	182610000
protein_664	36360000	10906000	21375000	26184000	28212000	53576000
protein_665	59550000	11808000	191010000	59779000	40951000	101550000
protein_666	2213200	431670	2026100	3400000	2462100	4246800
protein_667	174990000	51278000	92328000	154930000	139410000	296140000
protein_668	41598000	8865800	90705000	98775000	34599000	196150000
protein_669	4103500	837990	2408500	6076700	1990700	15200000
protein_670	646670000	136200000	275320000	495980000	406630000	959140000
protein_671	43475000	8649800	24110000	59897000	26071000	100320000
protein_672	26588000	11569000	8447500	26220000	31702000	31141000
protein_673	26173000	3459700	19078000	30086000	21310000	65572000
protein_674	18236000	4122600	10778000	14526000	19284000	38749000
protein_675	484260000	115300000	401370000	715010000	431810000	1228900000
protein_676	117790000	42541000	118380000	40753000	58682000	164960000
protein_677	1219600	370070	2275400	14102000	5690700	23100000
protein_678	4726000	507510	5192400	5534700	4794300	15025000
protein_679	21736000	8534200	16243000	15815000	10829000	33700000
protein_680	502920000	183080000	384980000	519230000	437690000	955600000
protein_681	251340000	44569000	78606000	142180000	185960000	198010000
protein_682	31422000	9952900	29635000	68317000	25235000	115020000
protein_683	234210000	89052000	417080000	221410000	198830000	550670000
protein_684	22070000	5299700	19315000	14278000	11175000	24296000
protein_685	74337000	15541000	33284000	32437000	46759000	70473000
protein_686	7029800	153370	4847700	1851900	4068200	16912000
protein_687	40225000	7254700	25710000	26996000	23278000	44450000
protein_688	164110000	61439000	50119000	84999000	94356000	88273000
protein_689	4879800	3113500	8009400	12267000	11274000	21004000
protein_690	592720000	184140000	244870000	495200000	668370000	709040000
protein_691	65504000	31823000	15921000	75182000	81787000	49818000
protein_692	155640000	34382000	94938000	102620000	62515000	202750000
protein_693	35273000	5219200	21797000	23261000	14645000	39955000
protein_694	10810000	2129300	7866600	18824000	5914100	22606000
protein_695	66602000	12847000	28475000	12132000	13694000	23078000
protein_696	155830000	68656000	80378000	160960000	278250000	294990000
protein_697	23208000	9591000	22285000	24212000	19610000	82144000
protein_698	45644000	1761300	7300600	15834000	7195700	18591000
protein_699	13643000	1902600	15366000	42166000	12790000	66066000
protein_700	135270000	30189000	98509000	122740000	48252000	199720000
protein_701	67389000	7553200	32199000	50332000	26118000	104390000
protein_702	18422000	3003100	3729000	23249000	19521000	48615000
protein_703	17022000	4414700	7555300	9601800	10444000	11673000
protein_704	17232000	4800800	21853000	33121000	20452000	73450000
protein_705	14699000	3151900	3411500	5882800	7621300	12427000
protein_706	53769000	9891200	35285000	67540000	61907000	158300000
protein_707	45295000	6552000	28554000	55379000	38583000	101610000
protein_708	20083000	4030400	14300000	14490000	9894200	32004000
protein_709	3837800	974720	3085800	7033800	4106800	16409000
protein_710	48208000	8269600	41888000	82475000	55886000	164820000
protein_711	116260000	56700000	125200000	102980000	61426000	235850000
protein_712	234940000	79059000	206920000	314210000	146470000	587560000
protein_713	144120000	15951000	53135000	5634200000	4753700000	552790000
protein_714	3122300	47509000	2098500	5905600	2513700	11764000
protein_715	119680000	26682000	101460000	154110000	91347000	322950000
protein_716	21990000	2680200	7732400	5167600	13633000	12847000
protein_717	221950000	61022000	135040000	202150000	155620000	333100000
protein_718	113350000	27229000	74449000	65683000	35628000	116140000
protein_719	32160000	10857000	32511000	31918000	13261000	65435000
protein_720	3268600	1268400	3191100	8277500	4456600	34649000
protein_721	197020000	36429000	110760000	110630000	170150000	288090000
protein_722	998640000	232200000	485010000	364620000	445150000	829880000
protein_723	53420000	5886100	10815000	15101000	34390000	39038000
protein_724	169750000	54495000	117800000	140220000	130370000	300980000
protein_725	27514000	2959500	11240000	13990000	12291000	23543000
protein_726	1986100000	543120000	1294100000	399450000	306810000	742760000
protein_727	21819000	9685400	13578000	13874000	30966000	36618000
protein_728	7797100	2579100	5356500	4334900	8241300	18198000
protein_729	32022000	14412000	36732000	100200000	78985000	162130000
protein_730	44671000	13002000	30082000	30714000	20410000	40511000
protein_731	115630000	16752000	81102000	95889000	55706000	169910000
protein_732	14272000	4537000	15647000	14453000	5854600	171620000
protein_733	291820000	76600000	288420000	567260000	380210000	1105300000
protein_734	53884000	15684000	36140000	214410000	213120000	485870000
protein_735	1393500000	442700000	1073300000	1178400000	706890000	2291500000
protein_736	376520000	99685000	252670000	259180000	170960000	586810000
protein_737	25945000	6226800	26177000	27917000	16386000	82766000
protein_738	15845000	2460900	20568000	21016000	14484000	61045000
protein_739	191320000	81781000	147930000	192420000	151070000	262070000
protein_740	10926000	2315400	5297800	8705800	2270800	11343000
protein_741	430290000	120630000	269130000	356070000	245190000	483130000
protein_742	227560000	61767000	140950000	192770000	116300000	289990000
protein_743	99248000	24340000	28287000	22862000	36434000	37962000
protein_744	33439000	10156000	44623000	53447000	59570000	135450000
protein_745	3169600000	1099500000	1283300000	1094700000	845570000	1834200000
protein_746	961130000	279010000	611710000	799290000	610750000	1400300000
protein_747	65687000	7617200	13584000	19599000	23864000	28260000
protein_748	475880000	134690000	219190000	215040000	183080000	250880000
protein_749	6888600	134610	476720	8823200	3696600	6281600
protein_750	274510000	73321000	163410000	327060000	273260000	689420000
protein_751	17851000	5249700	8344600	14377000	15260000	13335000
protein_752	345630000	84075000	253880000	398900000	254640000	818200000
protein_753	10712000	1780400	909520	4624000	5632000	10584000
protein_754	2910200	272650	5653800	19112000	6261600	33833000
protein_755	4172200	1340800	6041000	46822000	17019000	91799000
protein_756	43546000	12750000	43656000	53900000	20231000	98895000
protein_757	133300000	30435000	93838000	172100000	119460000	367690000
protein_758	71385000	28837000	58835000	107480000	75109000	191580000
protein_759	8638800	0	314670	62119000	3470000	23338000
protein_760	698560000	139160000	387390000	591340000	444720000	1027300000
protein_761	4197600	1458400	11960000	42439000	43697000	78711000
protein_762	235320000	49043000	116880000	140810000	113350000	240280000
protein_763	54395000	16498000	52252000	155590000	89037000	291820000
protein_764	142290000	34661000	99910000	147690000	119860000	394290000
protein_765	670630000	177650000	307940000	485520000	674740000	1137200000
protein_766	54809000	10090000	33293000	34185000	20857000	60229000
protein_767	178150000	12493000	35958000	57108000	32076000	210920000
protein_768	101500000	29347000	71848000	129650000	97737000	217790000
protein_769	11631000	2786100	9387600	8277000	3172300	9799200
protein_770	87791000	42779000	28463000	58624000	74640000	75576000
protein_771	71168000	20528000	42588000	78746000	43535000	139660000
protein_772	4536000	1231000	4895400	8134500	4741100	19526000
protein_773	149630000	38674000	56951000	75768000	83152000	142610000
protein_774	236370000	91738000	160300000	204960000	210360000	364450000
protein_775	237310000	68905000	127460000	126720000	291390000	341400000
protein_776	0	2913000	1562800	512990	0	39987000
protein_777	66773000	51886000	34276000	67919000	63227000	114400000
protein_778	132260000	21116000	78323000	72126000	64651000	129190000
protein_779	161980000	33302000	50329000	29933000	56300000	45476000
protein_780	10934000	4126500	10213000	12513000	10824000	27871000
protein_781	19565000	3563600	13017000	28385000	27904000	111770000
protein_782	7481600	3098200	12494000	110060000	125000000	122430000
protein_783	207690000	19063000	48965000	159050000	179480000	167920000
protein_784	400760000	75851000	161100000	159910000	158800000	266030000
protein_785	110960000	13983000	36111000	87243000	101250000	131210000
protein_786	133000000	18919000	76719000	124200000	85867000	278290000
protein_787	83246000	20159000	55555000	83673000	55076000	182890000
protein_788	371150000	104580000	234750000	376650000	336740000	761190000
protein_789	13121000	3566300	8472600	15693000	10838000	40018000
protein_790	0	18544000	0	0	23875000	28159000
protein_791	9516500	2867800	4669200	6656500	6027200	13315000
protein_792	30214000	8109100	19812000	4099100000	4341700000	4650300000
protein_793	27692000	13375000	19319000	32847000	36836000	48641000
protein_794	75835000	17548000	57945000	23970000	9175600	47278000
protein_795	180760000	44592000	57425000	30650000	51679000	49711000
protein_796	94854000	19831000	44409000	27153000	24716000	40981000
protein_797	124640000	46816000	62777000	82716000	67386000	154420000
protein_798	147310000	31252000	17870000	45621000	48404000	44742000
protein_799	96085000	27810000	60227000	53603000	109610000	155040000
protein_800	1031200000	151560000	450150000	1243300000	1358500000	2430800000
protein_801	17220000	5519600	14835000	10408000	13072000	26341000
protein_802	104660000	15171000	56929000	78409000	50164000	149540000
protein_803	60494000	9267100	25166000	33162000	21773000	78362000
protein_804	558660000	279150000	123080000	183770000	370530000	294740000
protein_805	12871000	5249400	9375000	42568000	20966000	40957000
protein_806	34305000	7874000	17036000	38370000	28134000	81798000
protein_807	29038000	8452000	22839000	81100000	97009000	188850000
protein_808	16293000	9743900	7646700	13647000	17523000	14383000
protein_809	1227200000	268270000	297640000	553990000	662480000	660960000
protein_810	9907600	2517400	4749800	5112800	4336600	10302000
protein_811	0	0	0	11175000	6934500	402000000
protein_812	33666000	9987500	7666600	11718000	10423000	8333000
protein_813	11507000	3520900	5746300	5904100	3507300	7224900
protein_814	143160000	44778000	96061000	90729000	88617000	171590000
protein_815	98693000	27049000	68808000	106950000	83848000	166900000
protein_816	18011000	1573400	9078500	13481000	14749000	21266000
protein_817	8767100	1598000	3695800	6700200	5674900	12081000
protein_818	2177800	143520	4749100	7496300	4044800	17876000
protein_819	23036000	3173400	10726000	12123000	5383600	10347000
protein_820	228410000	107090000	91535000	72716000	96472000	102370000
protein_821	33648000	8063000	2001800	14738000	28176000	28411000
protein_822	11677000	3955600	6316300	4274100	6058100	7836900
protein_823	75112000	15825000	51665000	69217000	45217000	83230000
protein_824	38672000	5570500	8759400	15011000	22538000	16912000
protein_825	202900000	58460000	130930000	72982000	98117000	235770000
protein_826	21073000	9528000	18519000	25621000	27956000	62202000
protein_827	27306000	5960600	18696000	14627000	19055000	37173000
protein_828	8419600	5097700	7490700	15011000	8704100	32163000
protein_829	56081000	23247000	36748000	43993000	55532000	133620000
protein_830	11952000	137860000	16278000	13065000	12368000	20580000
protein_831	9039800	4566000	16273000	19963000	7555600	41589000
protein_832	169010000	23531000	42953000	147590000	323380000	301120000
protein_833	32613000	7613100	17997000	20597000	15201000	57380000
protein_834	475050000	118550000	305760000	547290000	367620000	739510000
protein_835	403000000	79966000	243940000	391240000	250700000	617630000
protein_836	169780000	87665000	36329000	225660000	225290000	163980000
protein_837	247380000	19093000	54033000	329520000	341180000	349640000
protein_838	27126000	5349200	24781000	26597000	18599000	50340000
protein_839	44121000	11434000	10609000	29324000	16259000	48661000
protein_840	25865000	5791600	10797000	17541000	21370000	23449000
protein_841	87870000	23163000	72816000	181340000	136420000	436190000
protein_842	3490900	528900	1645100	235540000	148150000	398970000
protein_843	21023000	939370	3376800	5370000	2606700	20951000
protein_844	111680000	22125000	66007000	58080000	34910000	107480000
protein_845	96420000	23240000	61927000	69739000	52929000	113680000
protein_846	19157000	1576400	14355000	3315000	2341000	14063000
protein_847	3515900	660280	1920900	3077400	1989000	126670000
protein_848	724220000	141250000	272720000	351980000	356290000	566180000
protein_849	65644000	13296000	49836000	103760000	67412000	280070000
protein_850	49078000	14348000	27721000	67518000	37823000	125920000
protein_851	73379000	26816000	39241000	52348000	65564000	114670000
protein_852	11006000	845220	334570	11547000	12932000	28150000
protein_853	11002000	2634100	5288000	37064000	51065000	47987000
protein_854	149660000	33082000	39987000	50645000	121900000	86555000
protein_855	55730000	16833000	32811000	83482000	73701000	195130000
protein_856	56607000	16511000	35660000	63297000	46712000	120440000
protein_857	71579000	49998000	177590000	2929300000	1492600000	5206800000
protein_858	35179000	2627700	64234000	28686000	14801000	30139000
protein_859	0	0	1865700	455810	0	712450
protein_860	0	0	171670	23373000	12814000	0
protein_861	38105000	14731000	15156000	31505000	54197000	37901000
protein_862	38994000	7203600	29307000	38146000	24923000	94066000
protein_863	2005200	563420	2578500	7342900	5943200	19251000
protein_864	9576300	4917500	18270000	430750000	265160000	1105600000
protein_865	44900000	10416000	23670000	1676000000	827190000	3116200000
protein_866	22036000	3758000	15771000	28781000	12795000	27873000
protein_867	447410000	95952000	300200000	479250000	393830000	846630000
protein_868	88236000	44955000	77198000	127500000	121980000	217680000
protein_869	43317000	13314000	31807000	29285000	24230000	60916000
protein_870	12391000	7261200	3974200	184780000	200830000	280640000
protein_871	35487000	8001800	16201000	75249000	78407000	173980000
protein_872	37407000	11240000	23274000	65793000	33591000	129690000
protein_873	44610000	9704700	32383000	32174000	21432000	76109000
protein_874	11659000	2458100	5730500	8838100	6219000	21918000
protein_875	13183000	1665300	4717500	14654000	13384000	19153000
protein_876	3571800	1262400	2943700	18530000	12623000	18073000
protein_877	1554200	472720	1398800	526360	12814000	46314000
protein_878	67857000	23942000	78849000	98558000	51065000	230290000
protein_879	8822000	3170700	6764600	9393000	7465600	16732000
protein_880	78038000	19990000	48296000	79558000	51652000	138590000
protein_881	28215000	14452000	10617000	14790000	22726000	28322000
protein_882	40317000	9580400	29850000	38383000	23195000	70508000
protein_883	18021000	4569300	17238000	25327000	12080000	23402000
protein_884	77067000	17521000	54949000	160830000	100570000	282590000
protein_885	28900000	4447700	18497000	18157000	11717000	32793000
protein_886	98470000	24924000	58676000	105490000	64746000	163540000
protein_887	12313000	8221200	5941200	7105000	4155400	5891300
protein_888	678880	539550	1986300	5011800	8122200	17832000
protein_889	9953100	2915900	10684000	14057000	6144100	28780000
protein_890	124220000	18153000	77301000	51560000	54956000	113820000
protein_891	95380000	27170000	93036000	99003000	80025000	242490000
protein_892	1358200000	339300000	939100000	875570000	643170000	1641900000
protein_893	139320000	31145000	84290000	103570000	60204000	216360000
protein_894	682430000	198500000	455640000	478420000	272960000	934870000
protein_895	67867000	22933000	75432000	50731000	37145000	117470000
protein_896	246900000	70785000	66082000	117690000	98275000	43762000
protein_897	29406000	2730600	8865900	0	0	23429000
protein_898	2935300	990630	3022300	8622100	5877100	15944000
protein_899	363050000	121770000	204780000	334220000	294020000	527780000
protein_900	63820000	18379000	55885000	180130000	151360000	438630000
protein_901	42053000	9916000	27294000	62194000	51441000	118320000
protein_902	5550100	1982200	3442300	8018300	6286100	17445000
protein_903	558850000	210240000	379630000	352890000	404450000	663100000
protein_904	52021000	12455000	42887000	52333000	27741000	67366000
protein_905	247910000	80095000	237250000	214360000	208650000	522290000
protein_906	31564000	8967500	30909000	38481000	26724000	74955000
protein_907	3341900000	636050000	1488100000	1340300000	1448100000	2583100000
protein_908	118120000	29688000	88238000	157130000	123030000	403160000
protein_909	67989000	36370000	70291000	119890000	108750000	277870000
protein_910	20665000	8142400	26855000	38618000	26002000	66806000
protein_911	3650500	1387500	3339100	11415000	11091000	21827000
protein_912	6691400	943300	4265800	18422000	11418000	30604000
protein_913	145690000	52388000	37673000	122570000	125860000	112510000
protein_914	6025400	960360	2947100	8219100	6435900	10583000
protein_915	337140000	86003000	203120000	251290000	159930000	505340000
protein_916	312910000	76910000	122210000	273230000	323250000	384630000
protein_917	499140000	121700000	174470000	224930000	248060000	285810000
protein_918	1373100000	544720000	328040000	34410000	36191000	64070000
protein_919	93890000	16496000	66165000	50948000	28378000	84918000
protein_920	8103800	1590600	8823600	36710000	10620000	68559000
protein_921	230720000	44268000	87267000	117830000	169110000	216100000
protein_922	12091000	2010100	2804200	4653000	11114000	11201000
protein_923	14741000	7188800	19100000	18562000	17241000	51976000
protein_924	2790600	506250	3270200	9748900	4699200	20372000
protein_925	71762000	20358000	36207000	35693000	26138000	111570000
protein_926	246830000	77603000	208750000	261590000	205690000	574900000
protein_927	23584000	6215100	16115000	27242000	12192000	46164000
protein_928	65700000	42838000	15092000	29127000	41398000	37471000
protein_929	128870000	31785000	77713000	129290000	95254000	214600000
protein_930	306660000	96005000	173640000	328300000	303150000	489130000
protein_931	29330000	5431000	18741000	32383000	26542000	245310000
protein_932	1363900	155670	4214700	8089100	4316400	340120000
protein_933	15822000	7804100	13050000	45862000	32503000	65326000
protein_934	104460000	16988000	64034000	79762000	63159000	145830000
protein_935	71751000	15257000	50467000	73383000	69494000	136630000
protein_936	580750000	253770000	568360000	409780000	671550000	1437500000
protein_937	155300000	37488000	78131000	43391000	58018000	85491000
protein_938	21930000	306030	27762000	20937000	3363900	44568000
protein_939	4419300000	708670000	1929200000	2721600000	4543400000	6829300000
protein_940	62835000	12472000	18242000	73775000	53533000	122940000
protein_941	559490000	109580000	262890000	404190000	497060000	1301000000
protein_942	9000100	1883300	8999600	9874900	11558000	6197500
protein_943	211580000	47528000	147780000	85596000	57144000	127540000
protein_944	37696000	2768500	9019400	32737000	25757000	41346000
protein_945	32777000	8147500	4897900	5132500	2007000	3025100
protein_946	8911700	4145400	7011000	6168300	4652600	7658600
protein_947	66656000	22213000	42774000	13839000	13636000	28446000
protein_948	401890000	100880000	253330000	88952000	71223000	184540000
protein_949	71521000	27003000	97461000	72178000	40467000	153040000
protein_950	372240000	161650000	243640000	493450000	458820000	794330000
protein_951	97346000	32420000	81532000	106100000	72457000	163230000
protein_952	358300000	109750000	226670000	308550000	234240000	575390000
protein_953	256470000	84988000	225640000	296630000	214050000	713090000
protein_954	278590000	49969000	219760000	240740000	175570000	581750000
protein_955	10121000	26053000	40566000	7099700	8026300	17087000
protein_956	136330000	29448000	19906000	32153000	87647000	46871000
protein_957	307730000	67006000	81516000	121920000	148040000	138650000
protein_958	16643000	1059300	10210000	20845000	10417000	44907000
protein_959	315760000	116410000	222560000	251560000	181280000	437000000
protein_960	328000000	180790000	318530000	382880000	346030000	741930000
protein_961	509290000	168240000	493870000	629150000	464410000	1650900000
protein_962	168510000	81599000	301890000	121210000	114630000	421070000
protein_963	347780000	133000000	284680000	225520000	239770000	729720000
protein_964	353970000	165660000	295950000	389950000	269810000	612570000
protein_965	27460000	6031300	21537000	8964000	11850000	37677000
protein_966	1095200000	268930000	601500000	1149100000	690080000	1793900000
protein_967	140320000	52689000	130450000	97404000	63994000	270030000
protein_968	407240000	153990000	319010000	449910000	308470000	933250000
protein_969	61089000	57773000	109600000	91381000	121030000	310030000
protein_970	432920000	142670000	211980000	219370000	260080000	374870000
protein_971	105130000	37964000	64125000	91581000	79850000	184560000
protein_972	839750000	254020000	641550000	996560000	732360000	2206800000
protein_973	86100000	28970000	90585000	81462000	48723000	337350000
protein_974	639610000	213380000	245390000	214580000	311690000	383760000
protein_975	188100000	42587000	133410000	214490000	153110000	380800000
protein_976	79312000	32566000	95273000	78194000	93336000	228120000
protein_977	236490000	64001000	189890000	249750000	132020000	538690000
protein_978	142030000	63367000	200860000	152350000	130630000	444240000
protein_979	306170000	88820000	252230000	373340000	219710000	736720000
protein_980	144610000	56612000	42963000	148000000	234140000	153600000
protein_981	44141000	7280100	21832000	69103000	45787000	97890000
protein_982	46927000	8885000	46481000	58154000	42421000	168980000
protein_983	96334000	26963000	92412000	57296000	39414000	118870000
protein_984	72388000	14570000	40248000	43384000	42905000	90569000
protein_985	157800000	33164000	114390000	140040000	129670000	243340000
protein_986	489090000	77008000	140330000	322360000	320700000	454170000
protein_987	57337000	9377700	30678000	12666000	17693000	21119000
protein_988	22303000	5279000	5860200	23794000	8065500	29064000
protein_989	12267000	936960	7109800	13743000	4372600	27614000
protein_990	13192000	3555000	9358700	28055000	22808000	67990000
protein_991	54697000	13866000	34128000	25956000	29597000	31556000
protein_992	58135000	10104000	0	0	52275000	222150000
protein_993	12074000	8084100	14467000	100050000	75641000	299260000
protein_994	47727000	10408000	31390000	71860000	43675000	187280000
protein_995	230770000	39150000	123200000	254830000	305290000	559490000
protein_996	11615000	2719600	9594900	15053000	9019900	24615000
protein_997	18016000	3729000	11765000	50481000	65222000	83188000
protein_998	54449000	19167000	45536000	212580000	133910000	429090000
protein_999	7871800	3123000	6540500	24749000	14166000	49231000
protein_1000	5844400	424060	5932100	34239000	23350000	64245000
protein_1001	37896000	9945700	19995000	25764000	23396000	47820000
protein_1002	329800000	92191000	211360000	464170000	434550000	648340000
protein_1003	16600000	3392500	12162000	119260000	152440000	216150000
protein_1004	27316000	24227000	28667000	436240000	405420000	530230000
protein_1005	44523000	10837000	24113000	34155000	46801000	91584000
protein_1006	24475000	1461500	10099000	17499000	10857000	29859000
protein_1007	36645000	8282300	28472000	11535000	10557000	22302000
protein_1008	10693000	10650000	4303900	7280400	13062000	8412700
protein_1009	15408000	6915200	13486000	3779400	4568300	9857500
protein_1010	8920300	2151900	5419900	8941100	7582100	11130000
protein_1011	16371000	5185500	10955000	9925100	7068700	17218000
protein_1012	28792000	4043000	8024000	9274000	8294400	14462000
protein_1013	17806000	2914400	1193700	6042000	9054000	2922700
protein_1014	27149000	8332400	11999000	10299000	12831000	33367000
protein_1015	9858000	2412300	4462500	8221400	5099000	19032000
protein_1016	117380000	25252000	107440000	44195000	11421000	101100000
protein_1017	3476600	442930	2524500	25331000	13612000	23113000
protein_1018	22916000	2383800	10837000	14728000	12316000	11517000
protein_1019	44767000	8159300	34812000	51919000	39113000	102540000
protein_1020	21118000	9987100	32500000	26326000	25159000	54875000
protein_1021	65174000	18098000	48146000	53570000	26165000	225870000
protein_1022	15795000	626520	13927000	18060000	9404700	40096000
protein_1023	223280000	61019000	43901000	200400000	54810000	345640000
protein_1024	66289000	28418000	82197000	54146000	69660000	153180000
protein_1025	75512000	18127000	43005000	104750000	103380000	119640000
protein_1026	6963100	1447500	5082500	13162000	11567000	33920000
protein_1027	20970000	6975200	10024000	8810600	9979500	11070000
protein_1028	799520	150550	736430	237010000	227740000	1463200
protein_1029	42004000	7509500	26229000	4397000	1990600	7972800
protein_1030	88350000	26322000	80494000	11010000	4362300	32167000
protein_1031	109580000	21401000	49765000	107660000	70186000	143610000
protein_1032	23034000	2146700	7981300	49983000	35811000	63462000
protein_1033	3919900	901580	1682300	4799300	0	9951700
protein_1034	13251000	8006600	10618000	14586000	10483000	33297000
protein_1035	10678000	1693500	4988200	14588000	6758300	26464000
protein_1036	1702300000	265410000	455950000	1896600000	1385500000	2460500000
protein_1037	687850000	175770000	465030000	462630000	460600000	1036600000
protein_1038	131630000	51489000	57488000	4144000000	2624100000	5528700000
protein_1039	2484600	449710	1523700	7119000	3047500	17875000
protein_1040	0	0	0	152230000	0	9653200
protein_1041	30378000	9309200	25082000	33055000	36483000	92119000
protein_1042	14736000	1322100	6144600	4844300	3358200	20618000
protein_1043	5770500	2289000	6037900	6622400	7541100	12900000
protein_1044	25871000	5367600	19753000	8551600	9477800	24642000
protein_1045	4674400	5702400	4524900	36559000	31125000	20930000
protein_1046	112420000	12689000	36654000	49794000	68151000	76682000
protein_1047	69839000	13861000	56967000	27540000	20233000	71546000
protein_1048	22742000	2991200	7503300	10512000	9958900	18982000
protein_1049	37872000	10905000	17302000	33143000	32167000	61139000
protein_1050	5961100	0	1571400	5377600	3476600	25701000
protein_1051	6588600	1833800	5410100	30267000	2394500	30035000
protein_1052	29909000	28869000	8435900	40767000	38549000	21842000
protein_1053	63269000	13151000	45105000	52942000	87449000	190340000
protein_1054	6276100	594880	5574500	4100500	4775700	13923000
protein_1055	266990000	36163000	63425000	199020000	166060000	187740000
protein_1056	54813000	8852500	12665000	45293000	77841000	66672000
protein_1057	179010000	35034000	76758000	129080000	122750000	182670000
protein_1058	82911000	52241000	24453000	1120700	0	0
protein_1059	18403000	4612000	8182900	27905000	18972000	51814000
protein_1060	12205000	965150	7857900	15155000	5102700	31525000
protein_1061	7627400	1679200	5291000	2054200	840410	21861000
protein_1062	32643000	5975000	18823000	22290000	6794600	42280000
protein_1063	12800000	4219100	9698900	16953000	12212000	25359000
protein_1064	39143000	3808100	6992800	49760000	5339500	44646000
protein_1065	7691000	2473100	10547000	371890	331440	0
protein_1066	18568000	2232400	9586600	714110	0	0
protein_1067	9964800	4005600	7393200	16657000	8676800	26185000
protein_1068	92587000	24967000	34846000	43305000	75255000	71995000
protein_1069	65487000	17475000	37163000	162860000	109920000	279080000
protein_1070	58804000	9089100	51985000	63084000	32016000	113110000
protein_1071	78516000	23021000	12407000	20611000	27027000	13853000
protein_1072	23632000	3062300	7948900	12116000	8231100	15581000
protein_1073	414990000	108650000	168190000	91020000	120170000	117800000
protein_1074	2455300000	580480000	1404900000	311890000	176840000	451300000
protein_1075	61694000	6262900	19870000	96760000	76218000	144840000
protein_1076	37036000	6056500	26697000	39548000	18289000	84783000
protein_1077	21827000	2305300	9197500	8393400	3064000	73414000
protein_1078	185750000	61505000	152650000	92565000	61870000	201430000
protein_1079	83237	1665600	7318600	826390	0	12275000
protein_1080	22669000	6386800	22925000	30293000	25065000	49613000
protein_1081	191960000	48371000	122040000	116720000	105290000	243890000
protein_1082	3576300	762860	3192100	11616000	4922600	8239700
protein_1083	3664800000	948460000	2188100000	600280000	492650000	1034500000
protein_1084	188080000	47697000	142530000	378040000	312620000	707000000
protein_1085	698340	0	824530	8967500	650660	23321000
protein_1086	49767000	61013000	48558000	143820000	169400000	115400000
protein_1087	14751000	1622300	9316600	7120800	3729600	14166000
protein_1088	11322000	2511600	6816600	18800000	6676000	31322000
protein_1089	6515600	295700	4622300	1773100	4518100	7764700
protein_1090	5145400	288780	7274800	14376000	8399100	31899000
protein_1091	17572000	3188100	6426000	34180000	34771000	44799000
protein_1092	9951200	2944000	8164900	4416500	3987900	7920200
protein_1093	257280000	180180000	251690000	385960000	62905000	553770000
protein_1094	117620000	21135000	19402000	71283000	87826000	68368000
protein_1095	270440000	111830000	67533000	115090000	130880000	131600000
protein_1096	67569000	12764000	26906000	26562000	41591000	33231000
protein_1097	408620000	91763000	253540000	153170000	171090000	282250000
protein_1098	48760000	24035000	36783000	26860000	25343000	25124000
protein_1099	0	0	0	0	3599600000	0
protein_1100	20210000	3034300	14769000	36258000	16943000	41597000
protein_1101	119470000	27659000	72140000	83056000	70973000	127130000
protein_1102	634080000	221750000	370610000	470540000	189120000	759930000
protein_1103	10243000000	1315300000	2614800000	1450000000	2083000000	2069500000
protein_1104	1326800000	334580000	784550000	1253300000	977810000	2198600000
protein_1105	256080000	84116000	148100000	141630000	112520000	227880000
protein_1106	16077000	3718100	10459000	15624000	26995000	40806000
protein_1107	57504000	14235000	43279000	633240	0	0
protein_1108	58283000	76301000	35373000	5046800	15860000	19215000
protein_1109	34413000	9374400	10189000	38419000	68829000	55585000
protein_1110	10368000	1345700	3480100	6024600	7574600	13436000
protein_1111	10574000	1133300	4023200	3637100	7406900	14056000
protein_1112	37765000	14139000	32746000	107850000	69484000	191560000
protein_1113	29134000	5665700	22855000	15544000	8470400	27425000
protein_1114	79857000	19799000	51610000	69791000	38691000	166550000
protein_1115	84676000	23504000	55874000	68342000	44000000	157600000
protein_1116	402660000	160360000	387380000	797110000	313060000	1110800000
protein_1117	45442000	10511000	28391000	28862000	19383000	64374000
protein_1118	41204000	10101000	24642000	29359000	21722000	37999000
protein_1119	34805000	52892000	12790000	36846000	31837000	68615000
protein_1120	7750000	3377100	14438000	527980000	290030000	1132800000
protein_1121	10722000	2763900	10751000	14832000	8162600	27158000
protein_1122	751270	455350	2994700	32996000	27812000	78175000
protein_1123	589880	199350	486970	21647000	18100000	31810000
protein_1124	8655200	2578400	5556100	4740500	10560000	5963600
protein_1125	11106000	2466000	3174500	18802000	21367000	21600000
protein_1126	8340700	5464400	13600000	230290000	119350000	479800000
protein_1127	104290000	19542000	63352000	65868000	41593000	99514000
protein_1128	13115000	2794600	2796800	23987000	21671000	31621000
protein_1129	1498300	440440	3173500	8750200	3436600	16273000
protein_1130	12055000	3336500	9909600	4114400	4503200	6371100
protein_1131	9366300	3232300	14571000	5775000	4874500	23670000
protein_1132	5880400	2093400	2802600	4373400	5892100	11710000
protein_1133	8685900	2407900	167100000	11036000	298520000	46067000
protein_1134	1554400	0	2624400	8985900	252240000	13513000
protein_1135	430980	533480	1255300	10501000	5294800	33885000
protein_1136	5525900	1457000	2764500	11257000	8184700	20096000
protein_1137	1069700	0	0	12007000	6000500	7265900
protein_1138	14924000	2822500	6514700	109630000	115410000	179490000
protein_1139	31865000	9822100	34041000	79935000	45918000	134590000
protein_1140	898410000	242070000	699690000	951290000	557070000	2041000000
protein_1141	23045000	4712400	10130000	8452300	14003000	16667000
protein_1142	57343000	5809700	14055000	68373000	70706000	83090000
protein_1143	57099000	14713000	61732000	148600000	194270000	321950000
protein_1144	18191000	7562700	17189000	2304200	0	4524500
protein_1145	12810000	4643700	10107000	21969000	17811000	36213000
protein_1146	5510700	3016600	6375300	11372000	56084000	19395000
protein_1147	2129600	3654600	6667400	7803300	5955900	20263000
protein_1148	25420000	7852800	203130000	32605000	10910000	65055000
protein_1149	5395000	2473600	4529300	6547900	5572800	46113000
protein_1150	7660000	3363800	8179400	14408000	7407600	16183000
protein_1151	112970000	45414000	96121000	104980000	94330000	215780000
protein_1152	267070000	126990000	46852000	162300000	111050000	135110000
protein_1153	4462700	524450	5399300	15672000	3821500	24656000
protein_1154	3949600	1676000	2224300	7472800	4913800	20576000
protein_1155	8135700	4150900	17979000	19814000	14853000	62042000
protein_1156	83187000	15305000	21358000	109820000	124080000	160130000
protein_1157	10386000	5524800	17225000	4417900	3041100	5001000
protein_1158	28249000	5209500	14806000	6082100	277060	603160
protein_1159	3604500	1283000	2377300	2854800	2498600	5421400
protein_1160	26730000	18310000	22763000	47616000	27706000	104150000
protein_1161	4535700	1470400	25505000	4832500	48796000	9029400
protein_1162	18676000	883680	16204000	4944700	15534000	10785000
protein_1163	73288000	0	569400	489450	1395600	4013900
protein_1164	0	807310000	1996000	9554500	0	0
protein_1165	11714000	60293000	118470000	7621200	9025600	165200000
protein_1166	3750000	1095300	3631100	2200500	6258900	13381000
protein_1167	19158000	731430	4875900	11413000	5769800	17118000
protein_1168	5064700	0	0	19905000	0	0
protein_1169	2209500	2634700	37136000	0	1838600	147230000
protein_1170	0	0	0	23373000	12814000	46314000
protein_1171	13834000	5259400	0	39115000	62655000	28601000
protein_1172	5650900	0	12729000	82648000	590670	105400000
protein_1173	2931700	2833800	3988300	2496500	3583200	6267200
protein_1174	41161000	8920400	50630000	0	59409000	138120000
protein_1175	1928700	0	3838500	4307700	5078500	43871000
protein_1176	142560	7701600	0	15449000	14805000	0
protein_1177	0	16901000	0	0	0	0
protein_1178	266600000	45957000	139950000	449230000	375040000	670140000
protein_1179	652540	725510	335160000	1490700	815560	3699700
protein_1180	0	0	401980	216180000	3746600	0
protein_1181	0	0	163340000	5827400	0	0
protein_1182	1234600	250890	1000900	6855500	13532000	13110000
protein_1183	10867000	0	0	16187000	8867100	19472000
protein_1184	5973800	163590	351510	9398100	8547600	24235000
protein_1185	16022000	3018800	17347000	12482000	0	110840000
protein_1186	0	0	2433900	0	0	0
protein_1187	353480	10807000	0	0	0	3602400
protein_1188	0	0	0	0	0	134000000
protein_1189	10930000	463900	1662400	3506200	6860200	1761800
protein_1190	160410000	71877000	0	65169000	0	64829000
protein_1191	0	4212300	0	0	0	28506000
protein_1192	3126200000	1821600000	1316300000	2931600000	2064500000	1383400000
protein_1193	406450000	335100000	323640000	175880000	193470000	167110000
protein_1194	29272000	17345000	0	8514500	14347000	19048000
protein_1195	5172700	213830	1521800	2438800	1979600	2589100
protein_1196	32259000	3787400	25084000	0	19943000	2169700
protein_1197	7147000000	9311500000	4811500000	5408400000	7700700000	7012500000
protein_1198	39052000	7568700	4832300	7792500	2595500	0
